0.326967,0.110286,0.0836528,0.105935,0.0099035,0.106326,0.74307,
0.318701,0.102764,0.0655481,0.0994777,0.0101195,0.0970293,0.69364,
0.341881,0.103832,0.0693513,0.0969655,0.00957731,0.0974148,0.719022,
0.320536,0.107393,0.0673884,0.129637,0.0100173,0.0997182,0.73469,
0.345644,0.102454,0.0655914,0.102977,0.00958133,0.101174,0.727422,
1.54875,0.14927,0.229301,0.0907183,0.0373262,0.145199,2.20056,
1.5578,0.148242,0.229829,0.091368,0.0386305,0.145732,2.2116,
1.55642,0.148601,0.229936,0.091298,0.0394449,0.146478,2.21218,
3.7634,0.316235,1.24034,0.218055,0.458081,0.311401,6.30751,
3.72546,0.314001,9.12247,0.221183,0.459247,0.31393,14.1563,
3.72152,0.316032,1.31382,0.240922,0.458718,0.310371,6.36138,
0.660376,0.803234,0.28474,0.81786,0.00874602,0.888264,3.46322,
0.379145,0.885683,0.0636041,0.887655,0.0171515,0.887503,3.12074,
0.442392,0.893901,0.0663981,0.891142,0.00905542,0.894515,3.1974,
0.655752,0.901721,0.0732357,0.887682,0.00994741,0.885569,3.41391,
0.475049,0.887663,0.0699482,0.891164,0.00869712,0.883078,3.2156,
0.437628,1.00748,0.131274,0.88431,0.00864369,0.88924,3.35857,
0.441681,1.01039,0.0907396,0.886288,0.0123547,0.881887,3.32334,
0.496634,1.00704,0.0909895,0.877735,0.00991179,0.122621,2.60494,
0.454881,1.0067,0.0920572,0.884224,0.00973853,0.172604,2.6202,
0.376659,1.02583,0.105699,0.129641,0.00906297,0.117675,1.76457,
0.951258,10.0324,0.420692,154.538,0.179619,0.222182,166.344,
1.0984,9.10177,0.351067,0.249358,0.102787,0.225605,11.129,
0.489663,1.01082,0.121841,0.127368,0.00903067,0.117669,1.87639,
0.457135,1.00514,0.111438,0.131272,0.012739,0.118668,1.83639,
0.377048,1.02719,0.158749,0.138896,0.0096691,0.127699,1.83926,
0.408972,0.0774162,0.0782104,0.0801416,0.0099945,0.0795189,0.734253,
0.357994,0.0985722,0.0765529,0.0745585,0.00987346,0.0729185,0.690469,
0.445165,1.00739,0.0977958,0.139509,0.00906568,0.127683,1.82661,
0.39826,1.01891,0.126315,0.131852,0.00881846,0.118098,1.80225,
0.47695,1.02278,0.0965733,0.131528,0.0088728,0.212291,1.949,
0.415956,1.04173,0.076539,0.130947,0.0136358,0.117415,1.79622,
0.427637,0.980316,0.146125,0.131332,0.0105387,0.231141,1.92709,
0.412714,1.00618,0.103267,0.12815,0.00987708,0.126807,1.78699,
0.449113,0.130326,0.0989235,0.129564,0.00981942,0.117826,0.935571,
0.494888,0.131442,0.113782,0.12762,0.0103818,0.117795,0.995909,
0.508931,0.14017,0.0970683,0.128561,0.0107425,0.125649,1.01112,
0.383867,0.130946,0.097966,0.126875,0.00979346,0.117227,0.866675,
0.39914,0.142017,0.0981649,0.12905,0.0104304,0.128688,0.90749,
0.398534,0.215006,0.122676,0.164261,0.00988191,0.118066,1.02843,
0.456016,0.139433,0.0958666,0.128415,0.00967272,0.126122,0.955526,
0.457441,0.171682,0.0743593,0.127167,0.00974426,0.12667,0.967064,
0.493891,0.236283,0.0685431,0.126377,0.0101125,0.127528,1.06273,
0.49779,0.2234,0.0695078,0.126483,0.0101717,0.129036,1.05639,
0.518172,0.179091,0.0984001,0.127592,0.0100974,0.127902,1.06125,
0.468721,0.180324,0.0725134,0.128822,0.0100863,0.127753,0.988219,
0.385907,0.0880144,0.0989072,0.1352,0.0108469,0.207877,0.926753,
0.504181,0.0965431,0.0970275,0.130062,0.0100917,0.225827,1.06373,
0.497077,0.139213,0.0708526,0.129109,0.0107054,0.127823,0.97478,
0.480158,0.15359,0.0979023,0.12977,0.0100446,0.119037,0.990501,
0.377513,0.170911,0.0974329,0.12656,0.0103739,0.121156,0.903947,
0.378114,0.17349,0.0721729,0.126782,0.0098644,0.119461,0.879885,
0.379668,0.182838,0.0981411,0.127311,0.0101089,0.13667,0.934738,
0.434274,0.179294,0.0703104,0.127325,0.0101451,0.119135,0.940483,
0.454298,0.170544,0.0687486,0.127457,0.0101059,0.12734,0.958493,
0.500264,0.178875,0.070133,0.12742,0.00960722,0.119014,1.00531,
0.459039,0.0831693,0.0971649,0.128355,0.00972585,0.12709,0.904544,
0.465013,0.0776486,0.102217,0.128631,0.0134055,0.126934,0.913849,
0.380275,0.076491,0.124352,0.126858,0.00993534,0.122703,0.840614,
0.390085,0.0840815,0.076091,0.128719,0.0100627,0.119339,0.808378,
0.379393,0.0808377,0.105262,0.128378,0.00974094,0.129161,0.832773,
0.434979,0.0774162,0.0962961,0.129039,0.0137324,0.1168,0.868263,
0.447368,0.0848844,0.124055,0.127686,0.00987285,0.212251,1.00612,
0.428728,0.0785065,0.116663,0.0759126,0.0130695,0.0779076,0.790788,
0.38001,0.0823383,0.0975721,0.0759018,0.0119481,0.0812437,0.729014,
0.566635,0.0768973,0.0965144,0.0763105,0.0123164,0.0762341,0.904907,
0.401944,0.0751619,0.151724,0.0762045,0.0135682,0.0736248,0.792228,
0.475702,0.0804577,0.0976678,0.114466,0.00917767,0.0738627,0.851334,
0.356029,0.0764158,0.0800973,0.0747758,0.0088562,0.0729731,0.669148,
0.36915,0.0934668,0.0751399,0.0754846,0.00918492,0.0727407,0.695167,
0.368281,0.093593,0.0857749,0.0749373,0.00952843,0.0731491,0.705264,
0.345702,0.0764463,0.0878792,0.080308,0.0113513,0.0788784,0.680565,
0.402493,0.0747242,0.072437,0.0747327,0.00882873,0.0721877,0.705404,
0.364596,0.0890694,0.0861773,0.0744151,0.00879794,0.0790685,0.702124,
0.361278,0.103239,0.074835,0.074192,0.00876836,0.0724787,0.694791,
0.365599,0.0770778,0.0855829,0.0951823,0.00948647,0.072287,0.705215,
0.396456,0.0781156,0.0745986,0.0748785,0.00977565,0.0724684,0.706293,
0.382802,0.0767234,0.0854658,0.0878789,0.00887914,0.0730238,0.714773,
0.371011,0.0762416,0.0923811,0.0851667,0.00880518,0.0725744,0.70618,
0.400734,0.079946,0.0724108,0.0749316,0.00881243,0.0726097,0.709445,
0.403359,0.0797471,0.093152,0.0758954,0.00889091,0.0719387,0.732984,
0.409484,0.10018,0.0900329,0.102093,0.00901105,0.165275,0.876075,
0.478226,0.0778062,0.0962017,0.0754743,0.0092951,0.178578,0.91558,
0.388513,0.125212,0.0892759,0.0751375,0.00943425,0.180389,0.867961,
0.40955,0.183289,0.0692473,0.0784105,0.0134526,0.0797199,0.83367,
0.329323,0.149759,0.0736584,0.0870542,0.00961503,0.101503,0.750914,
